919415992767
919958314405
919410754088
919760269437
918147352440
917669282251
8826119880
919997635898
919759866659
918586902308
919897987950
917760314155
919811820543
911832563513
917508899715
001-510-6043643
919761110122
919456471777
9930611108
917417042290
919654138314
919699255896
919332562277
5858134846
919959888404
0124 414 4122
1244144177
1244105077
919456686400
9720925265
919557266340
917442434430
919927339088
9999726121
919889563956
919557108419
919258366600
9582485143
919457255818
9811551982
919758667905
1242575511
918527382583
919719655264
919997125361
9911277456
919758271298
918006514436
9540455920
919759638733
8826655552
919760197627
919639061404
917503295608
919410511660
918800409977
918800279977
919949004822
911244113280
911244115986
911244113282
9773744342
919540092245
917698743736
919540835754
9983682281
919412172977
9411153435
8527971216
919760155801
919456318299
9540631400
8108114086
919927260444
919760340079
919868902599
919911456451
919971085253
919897130438
9886125251
9999322238
919012227031
917500326041
915948243411
919557933111
919911575259
919411304255
9873367628
"28.440994
77.073463"
"28.440994
77.073463"
919958010126
8800799577
41775002347
9412172527
918800281768
919359408987
918475973541
919716136646
919410139229
918285136015
919012784441
077-998-99984
9891485118
8905783906
919769933314
9818093217
919927389504
17607058888
971-146-9217
9555555147
919310089231
9818487230
919910724012
919771437663
919358288742
919458121069
919756550666
919760512612
919456321520
9557283553
919639211030
919920240944
919760507308
919911903808
919760508608
919458359159
919717166637
919873959122
919410997037
919019674026
9654382080
919004185108
918294633507
919324132402
919897898400
919411195703
8322416091
1244255360
919654331391
9457922618
919760974464
919837244240
919015980883
9610170788
9760506906
9910965774
9283332389
9833767503
919720757181
9557108288
919927482384
919927547297
9899178726
9761602075
919720103080
919411769309
919412073043
9412071738
919456318482
919953318561
919557107184
919819996683
8650419301
911244141027
918860298758
919528991911
919990646632
919910468290
918439891114
919027554169
918799289608
919716502488
918447915677
918527078979
5962235575
9940052238
919663825340
919717999413
919958066051
919411219830
919719028132
919557019958
9560533928
919410025536
919015941369
9957207443
919012793206
919917911121
9413333528
918092086200
919958316355
8884357625
919410374190
8095470363
919711548647
919971776997
919837644075
919557809329
917838734032
919837405064
919971560002
919837312207
9899935111
919557610089
919760508884
919456338549
9718483824
918958837751
919803502202
919953165009
919997778325
919901328805
919412412392
919760198099
919958390651
919970060267
917837787093
919411111987
919457664437
7351040292
8595454683
918595233109
919760315705
099 53 214178
9582869217
919319321420
1244146001
9969673729
919759638740
919897542690
919045306381
919639850505
+91 99 10 218618
098-731-82863
919411107772
9911673842
919758984446
3325301250
919045447410
919756001616
919528104434
919958855918
918687382183
919627450275
919873067210
918884981339
919897462113
9650235415
919818394380
919415992767
919958314405
919410754088
919760269437
918147352440
917669282251
8826119880
919997635898
919759866659
918586902308
919897987950
917760314155
919811820543
911832563513
917508899715
001-510-6043643
919761110122
919456471777
9930611108
917417042290
919654138314
919699255896
919332562277
5858134846
919959888404
0124 414 4122
1244144177
1244105077
919456686400
9720925265
919557266340
917442434430
919927339088
9999726121
919889563956
919557108419
919258366600
9582485143
919457255818
9811551982
919758667905
1242575511
918527382583
919719655264
919997125361
9911277456
919758271298
918006514436
9540455920
919759638733
8826655552
919760197627
919639061404
917503295608
919410511660
918800409977
918800279977
919949004822
911244113280
911244115986
911244113282
9773744342
919540092245
917698743736
919540835754
9983682281
919412172977
9411153435
8527971216
919760155801
919456318299
9540631400
8108114086
919927260444
919760340079
919868902599
919911456451
919971085253
919897130438
9886125251
9999322238
919012227031
917500326041
915948243411
919557933111
919911575259
919411304255
9873367628
"28.440994
77.073463"
"28.440994
77.073463"
919958010126
8800799577
41775002347
9412172527
918800281768
919359408987
918475973541
919716136646
919410139229
918285136015
919012784441
077-998-99984
9891485118
8905783906
919769933314
9818093217
919927389504
17607058888
971-146-9217
9555555147
919310089231
9818487230
919910724012
919771437663
919358288742
919458121069
919756550666
919760512612
919456321520
9557283553
919639211030
919920240944
919760507308
919911903808
919760508608
919458359159
919717166637
919873959122
919410997037
919019674026
9654382080
919004185108
918294633507
919324132402
919897898400
919411195703
8322416091
1244255360
919654331391
9457922618
919760974464
919837244240
919015980883
9610170788
9760506906
9910965774
9283332389
9833767503
919720757181
9557108288
919927482384
919927547297
9899178726
9761602075
919720103080
919411769309
919412073043
9412071738
919456318482
919953318561
919557107184
919819996683
8650419301
911244141027
918860298758
919528991911
919990646632
919910468290
918439891114
919027554169
918799289608
919716502488
918447915677
918527078979
5962235575
9940052238
919663825340
919717999413
919958066051
919411219830
919719028132
919557019958
9560533928
919410025536
919015941369
9957207443
919012793206
919917911121
9413333528
918092086200
919958316355
8884357625
919410374190
8095470363
919711548647
919971776997
919837644075
919557809329
917838734032
919837405064
919971560002
919837312207
9899935111
919557610089
919760508884
919456338549
9718483824
918958837751
919803502202
919953165009
919997778325
919901328805
919412412392
919760198099
919958390651
919970060267
917837787093
919411111987
919457664437
7351040292
8595454683
918595233109
919760315705
099 53 214178
9582869217
919319321420
1244146001
9969673729
919759638740
919897542690
919045306381
919639850505
+91 99 10 218618
098-731-82863
919411107772
9911673842
919758984446
3325301250
919045447410
919756001616
919528104434
919958855918
918687382183
919627450275
919873067210
918884981339
919897462113
9650235415
919818394380
919415992767
919958314405
919410754088
919760269437
918147352440
917669282251
8826119880
919997635898
919759866659
918586902308
919897987950
917760314155
919811820543
911832563513
917508899715
001-510-6043643
919761110122
919456471777
9930611108
917417042290
919654138314
919699255896
919332562277
5858134846
919959888404
0124 414 4122
1244144177
1244105077
919456686400
9720925265
919557266340
917442434430
919927339088
9999726121
919889563956
919557108419
919258366600
9582485143
919457255818
9811551982
919758667905
1242575511
918527382583
919719655264
919997125361
9911277456
919758271298
918006514436
9540455920
919759638733
8826655552
919760197627
919639061404
917503295608
919410511660
918800409977
918800279977
919949004822
911244113280
911244115986
911244113282
9773744342
919540092245
917698743736
919540835754
9983682281
919412172977
9411153435
8527971216
919760155801
919456318299
9540631400
8108114086
919927260444
919760340079
919868902599
919911456451
919971085253
919897130438
9886125251
9999322238
919012227031
917500326041
915948243411
919557933111
919911575259
919411304255
9873367628
"28.440994
77.073463"
"28.440994
77.073463"
919958010126
8800799577
41775002347
9412172527
918800281768
919359408987
918475973541
919716136646
919410139229
918285136015
919012784441
077-998-99984
9891485118
8905783906
919769933314
9818093217
919927389504
17607058888
971-146-9217
9555555147
919310089231
9818487230
919910724012
919771437663
919358288742
919458121069
919756550666
919760512612
919456321520
9557283553
919639211030
919920240944
919760507308
919911903808
919760508608
919458359159
919717166637
919873959122
919410997037
919019674026
9654382080
919004185108
918294633507
919324132402
919897898400
919411195703
8322416091
1244255360
919654331391
9457922618
919760974464
919837244240
919015980883
9610170788
9760506906
9910965774
9283332389
9833767503
919720757181
9557108288
919927482384
919927547297
9899178726
9761602075
919720103080
919411769309
919412073043
9412071738
919456318482
919953318561
919557107184
919819996683
8650419301
911244141027
918860298758
919528991911
919990646632
919910468290
918439891114
919027554169
918799289608
919716502488
918447915677
918527078979
5962235575
9940052238
919663825340
919717999413
919958066051
919411219830
919719028132
919557019958
9560533928
919410025536
919015941369
9957207443
919012793206
919917911121
9413333528
918092086200
919958316355
8884357625
919410374190
8095470363
919711548647
919971776997
919837644075
919557809329
917838734032
919837405064
919971560002
919837312207
9899935111
919557610089
919760508884
919456338549
9718483824
918958837751
919803502202
919953165009
919997778325
919901328805
919412412392
919760198099
919958390651
919970060267
917837787093
919411111987
919457664437
7351040292
8595454683
918595233109
919760315705
099 53 214178
9582869217
919319321420
1244146001
9969673729
919759638740
919897542690
919045306381
919639850505
+91 99 10 218618
098-731-82863
919411107772
9911673842
919758984446
3325301250
919045447410
919756001616
919528104434
919958855918
918687382183
919627450275
919873067210
918884981339
919897462113
9650235415
919818394380
919415992767
919958314405
919410754088
919760269437
918147352440
917669282251
8826119880
919997635898
919759866659
918586902308
919897987950
917760314155
919811820543
911832563513
917508899715
001-510-6043643
919761110122
919456471777
9930611108
917417042290
919654138314
919699255896
919332562277
5858134846
919959888404
0124 414 4122
1244144177
1244105077
919456686400
9720925265
919557266340
917442434430
919927339088
9999726121
919889563956
919557108419
919258366600
9582485143
919457255818
9811551982
919758667905
1242575511
918527382583
919719655264
919997125361
9911277456
919758271298
918006514436
9540455920
919759638733
8826655552
919760197627
919639061404
917503295608
919410511660
918800409977
918800279977
919949004822
911244113280
911244115986
911244113282
9773744342
919540092245
917698743736
919540835754
9983682281
919412172977
9411153435
8527971216
919760155801
919456318299
9540631400
8108114086
919927260444
919760340079
919868902599
919911456451
919971085253
919897130438
9886125251
9999322238
919012227031
917500326041
915948243411
919557933111
919911575259
919411304255
9873367628
"28.440994
77.073463"
"28.440994
77.073463"
919958010126
8800799577
41775002347
9412172527
918800281768
919359408987
918475973541
919716136646
919410139229
918285136015
919012784441
077-998-99984
9891485118
8905783906
919769933314
9818093217
919927389504
17607058888
971-146-9217
9555555147
919310089231
9818487230
919910724012
919771437663
919358288742
919458121069
919756550666
919760512612
919456321520
9557283553
919639211030
919920240944
919760507308
919911903808
919760508608
919458359159
919717166637
919873959122
919410997037
919019674026
9654382080
919004185108
918294633507
919324132402
919897898400
919411195703
8322416091
1244255360
919654331391
9457922618
919760974464
919837244240
919015980883
9610170788
9760506906
9910965774
9283332389
9833767503
919720757181
9557108288
919927482384
919927547297
9899178726
9761602075
919720103080
919411769309
919412073043
9412071738
919456318482
919953318561
919557107184
919819996683
8650419301
911244141027
918860298758
919528991911
919990646632
919910468290
918439891114
919027554169
918799289608
919716502488
918447915677
918527078979
5962235575
9940052238
919663825340
919717999413
919958066051
919411219830
919719028132
919557019958
9560533928
919410025536
919015941369
9957207443
919012793206
919917911121
9413333528
918092086200
919958316355
8884357625
919410374190
8095470363
919711548647
919971776997
919837644075
919557809329
917838734032
919837405064
919971560002
919837312207
9899935111
919557610089
919760508884
919456338549
9718483824
918958837751
919803502202
919953165009
919997778325
919901328805
919412412392
919760198099
919958390651
919970060267
917837787093
919411111987
919457664437
7351040292
8595454683
918595233109
919760315705
099 53 214178
9582869217
919319321420
1244146001
9969673729
919759638740
919897542690
919045306381
919639850505
+91 99 10 218618
098-731-82863
919411107772
9911673842
919758984446
3325301250
919045447410
919756001616
919528104434
919958855918
918687382183
919627450275
919873067210
918884981339
919897462113
9650235415
919818394380
919415992767
919958314405
919410754088
919760269437
918147352440
917669282251
8826119880
919997635898
919759866659
918586902308
919897987950
917760314155
919811820543
911832563513
917508899715
001-510-6043643
919761110122
919456471777
9930611108
917417042290
919654138314
919699255896
919332562277
5858134846
919959888404
0124 414 4122
1244144177
1244105077
919456686400
9720925265
919557266340
917442434430
919927339088
9999726121
919889563956
919557108419
919258366600
9582485143
919457255818
9811551982
919758667905
1242575511
918527382583
919719655264
919997125361
9911277456
919758271298
918006514436
9540455920
919759638733
8826655552
919760197627
919639061404
917503295608
919410511660
918800409977
918800279977
919949004822
911244113280
911244115986
911244113282
9773744342
919540092245
917698743736
919540835754
9983682281
919412172977
9411153435
8527971216
919760155801
919456318299
9540631400
8108114086
919927260444
919760340079
919868902599
919911456451
919971085253
919897130438
9886125251
9999322238
919012227031
917500326041
915948243411
919557933111
919911575259
919411304255
9873367628
"28.440994
77.073463"
"28.440994
77.073463"
919958010126
8800799577
41775002347
9412172527
918800281768
919359408987
918475973541
919716136646
919410139229
918285136015
919012784441
077-998-99984
9891485118
8905783906
919769933314
9818093217
919927389504
17607058888
971-146-9217
9555555147
919310089231
9818487230
919910724012
919771437663
919358288742
919458121069
919756550666
919760512612
919456321520
9557283553
919639211030
919920240944
919760507308
919911903808
919760508608
919458359159
919717166637
919873959122
919410997037
919019674026
9654382080
919004185108
918294633507
919324132402
919897898400
919411195703
8322416091
1244255360
919654331391
9457922618
919760974464
919837244240
919015980883
9610170788
9760506906
9910965774
9283332389
9833767503
919720757181
9557108288
919927482384
919927547297
9899178726
9761602075
919720103080
919411769309
919412073043
9412071738
919456318482
919953318561
919557107184
919819996683
8650419301
911244141027
918860298758
919528991911
919990646632
919910468290
918439891114
919027554169
918799289608
919716502488
918447915677
918527078979
5962235575
9940052238
919663825340
919717999413
919958066051
919411219830
919719028132
919557019958
9560533928
919410025536
919015941369
9957207443
919012793206
919917911121
9413333528
918092086200
919958316355
8884357625
919410374190
8095470363
919711548647
919971776997
919837644075
919557809329
917838734032
919837405064
919971560002
919837312207
9899935111
919557610089
919760508884
919456338549
9718483824
918958837751
919803502202
919953165009
919997778325
919901328805
919412412392
919760198099
919958390651
919970060267
917837787093
919411111987
919457664437
7351040292
8595454683
918595233109
919760315705
099 53 214178
9582869217
919319321420
1244146001
9969673729
919759638740
919897542690
919045306381
919639850505
+91 99 10 218618
098-731-82863
919411107772
9911673842
919758984446
3325301250
919045447410
919756001616
919528104434
919958855918
918687382183
919627450275
919873067210
918884981339
919897462113
9650235415
919818394380
919415992767
919958314405
919410754088
919760269437
918147352440
917669282251
8826119880
919997635898
919759866659
918586902308
919897987950
917760314155
919811820543
911832563513
917508899715
001-510-6043643
919761110122
919456471777
9930611108
917417042290
919654138314
919699255896
919332562277
5858134846
919959888404
0124 414 4122
1244144177
1244105077
919456686400
9720925265
919557266340
917442434430
919927339088
9999726121
919889563956
919557108419
919258366600
9582485143
919457255818
9811551982
919758667905
1242575511
918527382583
919719655264
919997125361
9911277456
919758271298
918006514436
9540455920
919759638733
8826655552
919760197627
919639061404
917503295608
919410511660
918800409977
918800279977
919949004822
911244113280
911244115986
911244113282
9773744342
919540092245
917698743736
919540835754
9983682281
919412172977
9411153435
8527971216
919760155801
919456318299
9540631400
8108114086
919927260444
919760340079
919868902599
919911456451
919971085253
919897130438
9886125251
9999322238
919012227031
917500326041
915948243411
919557933111
919911575259
919411304255
9873367628
"28.440994
77.073463"
"28.440994
77.073463"
919958010126
8800799577
41775002347
9412172527
918800281768
919359408987
918475973541
919716136646
919410139229
918285136015
919012784441
077-998-99984
9891485118
8905783906
919769933314
9818093217
919927389504
17607058888
971-146-9217
9555555147
919310089231
9818487230
919910724012
919771437663
919358288742
919458121069
919756550666
919760512612
919456321520
9557283553
919639211030
919920240944
919760507308
919911903808
919760508608
919458359159
919717166637
919873959122
919410997037
919019674026
9654382080
919004185108
918294633507
919324132402
919897898400
919411195703
8322416091
1244255360
919654331391
9457922618
919760974464
919837244240
919015980883
9610170788
9760506906
9910965774
9283332389
9833767503
919720757181
9557108288
919927482384
919927547297
9899178726
9761602075
919720103080
919411769309
919412073043
9412071738
919456318482
919953318561
919557107184
919819996683
8650419301
911244141027
918860298758
919528991911
919990646632
919910468290
918439891114
919027554169
918799289608
919716502488
918447915677
918527078979
5962235575
9940052238
919663825340
919717999413
919958066051
919411219830
919719028132
919557019958
9560533928
919410025536
919015941369
9957207443
919012793206
919917911121
9413333528
918092086200
919958316355
8884357625
919410374190
8095470363
919711548647
919971776997
919837644075
919557809329
917838734032
919837405064
919971560002
919837312207
9899935111
919557610089
919760508884
919456338549
9718483824
918958837751
919803502202
919953165009
919997778325
919901328805
919412412392
919760198099
919958390651
919970060267
917837787093
919411111987
919457664437
7351040292
8595454683
918595233109
919760315705
099 53 214178
9582869217
919319321420
1244146001
9969673729
919759638740
919897542690
919045306381
919639850505
+91 99 10 218618
098-731-82863
919411107772
9911673842
919758984446
3325301250
919045447410
919756001616
919528104434
919958855918
918687382183
919627450275
919873067210
918884981339
919897462113
9650235415
919818394380
919415992767
919958314405
919410754088
919760269437
918147352440
917669282251
8826119880
919997635898
919759866659
918586902308
919897987950
917760314155
919811820543
911832563513
917508899715
001-510-6043643
919761110122
919456471777
9930611108
917417042290
919654138314
919699255896
919332562277
5858134846
919959888404
0124 414 4122
1244144177
1244105077
919456686400
9720925265
919557266340
917442434430
919927339088
9999726121
919889563956
919557108419
919258366600
9582485143
919457255818
9811551982
919758667905
1242575511
918527382583
919719655264
919997125361
9911277456
919758271298
918006514436
9540455920
919759638733
8826655552
919760197627
919639061404
917503295608
919410511660
918800409977
918800279977
919949004822
911244113280
911244115986
911244113282
9773744342
919540092245
917698743736
919540835754
9983682281
919412172977
9411153435
8527971216
919760155801
919456318299
9540631400
8108114086
919927260444
919760340079
919868902599
919911456451
919971085253
919897130438
9886125251
9999322238
919012227031
917500326041
915948243411
919557933111
919911575259
919411304255
9873367628
"28.440994
77.073463"
"28.440994
77.073463"
919958010126
8800799577
41775002347
9412172527
918800281768
919359408987
918475973541
919716136646
919410139229
918285136015
919012784441
077-998-99984
9891485118
8905783906
919769933314
9818093217
919927389504
17607058888
971-146-9217
9555555147
919310089231
9818487230
919910724012
919771437663
919358288742
919458121069
919756550666
919760512612
919456321520
9557283553
919639211030
919920240944
919760507308
919911903808
919760508608
919458359159
919717166637
919873959122
919410997037
919019674026
9654382080
919004185108
918294633507
919324132402
919897898400
919411195703
8322416091
1244255360
919654331391
9457922618
919760974464
919837244240
919015980883
9610170788
9760506906
9910965774
9283332389
9833767503
919720757181
9557108288
919927482384
919927547297
9899178726
9761602075
919720103080
919411769309
919412073043
9412071738
919456318482
919953318561
919557107184
919819996683
8650419301
911244141027
918860298758
919528991911
919990646632
919910468290
918439891114
919027554169
918799289608
919716502488
918447915677
918527078979
5962235575
9940052238
919663825340
919717999413
919958066051
919411219830
919719028132
919557019958
9560533928
919410025536
919015941369
9957207443
919012793206
919917911121
9413333528
918092086200
919958316355
8884357625
919410374190
8095470363
919711548647
919971776997
919837644075
919557809329
917838734032
919837405064
919971560002
919837312207
9899935111
919557610089
919760508884
919456338549
9718483824
918958837751
919803502202
919953165009
919997778325
919901328805
919412412392
919760198099
919958390651
919970060267
917837787093
919411111987
919457664437
7351040292
8595454683
918595233109
919760315705
099 53 214178
9582869217
919319321420
1244146001
9969673729
919759638740
919897542690
919045306381
919639850505
+91 99 10 218618
098-731-82863
919411107772
9911673842
919758984446
3325301250
919045447410
919756001616
919528104434
919958855918
918687382183
919627450275
919873067210
918884981339
919897462113
9650235415
919818394380
919415992767
919958314405
919410754088
919760269437
918147352440
917669282251
8826119880
919997635898
919759866659
918586902308
919897987950
917760314155
919811820543
911832563513
917508899715
001-510-6043643
919761110122
919456471777
9930611108
917417042290
919654138314
919699255896
919332562277
5858134846
919959888404
0124 414 4122
1244144177
1244105077
919456686400
9720925265
919557266340
917442434430
919927339088
9999726121
919889563956
919557108419
919258366600
9582485143
919457255818
9811551982
919758667905
1242575511
918527382583
919719655264
919997125361
9911277456
919758271298
918006514436
9540455920
919759638733
8826655552
919760197627
919639061404
917503295608
919410511660
918800409977
918800279977
919949004822
911244113280
911244115986
911244113282
9773744342
919540092245
917698743736
919540835754
9983682281
919412172977
9411153435
8527971216
919760155801
919456318299
9540631400
8108114086
919927260444
919760340079
919868902599
919911456451
919971085253
919897130438
9886125251
9999322238
919012227031
917500326041
915948243411
919557933111
919911575259
919411304255
9873367628
"28.440994
77.073463"
"28.440994
77.073463"
919958010126
8800799577
41775002347
9412172527
918800281768
919359408987
918475973541
919716136646
919410139229
918285136015
919012784441
077-998-99984
9891485118
8905783906
919769933314
9818093217
919927389504
17607058888
971-146-9217
9555555147
919310089231
9818487230
919910724012
919771437663
919358288742
919458121069
919756550666
919760512612
919456321520
9557283553
919639211030
919920240944
919760507308
919911903808
919760508608
919458359159
919717166637
919873959122
919410997037
919019674026
9654382080
919004185108
918294633507
919324132402
919897898400
919411195703
8322416091
1244255360
919654331391
9457922618
919760974464
919837244240
919015980883
9610170788
9760506906
9910965774
9283332389
9833767503
919720757181
9557108288
919927482384
919927547297
9899178726
9761602075
919720103080
919411769309
919412073043
9412071738
919456318482
919953318561
919557107184
919819996683
8650419301
911244141027
918860298758
919528991911
919990646632
919910468290
918439891114
919027554169
918799289608
919716502488
918447915677
918527078979
5962235575
9940052238
919663825340
919717999413
919958066051
919411219830
919719028132
919557019958
9560533928
919410025536
919015941369
9957207443
919012793206
919917911121
9413333528
918092086200
919958316355
8884357625
919410374190
8095470363
919711548647
919971776997
919837644075
919557809329
917838734032
919837405064
919971560002
919837312207
9899935111
919557610089
919760508884
919456338549
9718483824
918958837751
919803502202
919953165009
919997778325
919901328805
919412412392
919760198099
919958390651
919970060267
917837787093
919411111987
919457664437
7351040292
8595454683
918595233109
919760315705
099 53 214178
9582869217
919319321420
1244146001
9969673729
919759638740
919897542690
919045306381
919639850505
+91 99 10 218618
098-731-82863
919411107772
9911673842
919758984446
3325301250
919045447410
919756001616
919528104434
919958855918
918687382183
919627450275
919873067210
918884981339
919897462113
9650235415
919818394380
919415992767
919958314405
919410754088
919760269437
918147352440
917669282251
8826119880
919997635898
919759866659
918586902308
919897987950
917760314155
919811820543
911832563513
917508899715
001-510-6043643
919761110122
919456471777
9930611108
917417042290
919654138314
919699255896
919332562277
5858134846
919959888404
0124 414 4122
1244144177
1244105077
919456686400
9720925265
919557266340
917442434430
919927339088
9999726121
919889563956
919557108419
919258366600
9582485143
919457255818
9811551982
919758667905
1242575511
918527382583
919719655264
919997125361
9911277456
919758271298
918006514436
9540455920
919759638733
8826655552
919760197627
919639061404
917503295608
919410511660
918800409977
918800279977
919949004822
911244113280
911244115986
911244113282
9773744342
919540092245
917698743736
919540835754
9983682281
919412172977
9411153435
8527971216
919760155801
919456318299
9540631400
8108114086
919927260444
919760340079
919868902599
919911456451
919971085253
919897130438
9886125251
9999322238
919012227031
917500326041
915948243411
919557933111
919911575259
919411304255
9873367628
"28.440994
77.073463"
"28.440994
77.073463"
919958010126
8800799577
41775002347
9412172527
918800281768
919359408987
918475973541
919716136646
919410139229
918285136015
919012784441
077-998-99984
9891485118
8905783906
919769933314
9818093217
919927389504
17607058888
971-146-9217
9555555147
919310089231
9818487230
919910724012
919771437663
919358288742
919458121069
919756550666
919760512612
919456321520
9557283553
919639211030
919920240944
919760507308
919911903808
919760508608
919458359159
919717166637
919873959122
919410997037
919019674026
9654382080
919004185108
918294633507
919324132402
919897898400
919411195703
8322416091
1244255360
919654331391
9457922618
919760974464
919837244240
919015980883
9610170788
9760506906
9910965774
9283332389
9833767503
919720757181
9557108288
919927482384
919927547297
9899178726
9761602075
919720103080
919411769309
919412073043
9412071738
919456318482
919953318561
919557107184
919819996683
8650419301
911244141027
918860298758
919528991911
919990646632
919910468290
918439891114
919027554169
918799289608
919716502488
918447915677
918527078979
5962235575
9940052238
919663825340
919717999413
919958066051
919411219830
919719028132
919557019958
9560533928
919410025536
919015941369
9957207443
919012793206
919917911121
9413333528
918092086200
919958316355
8884357625
919410374190
8095470363
919711548647
919971776997
919837644075
919557809329
917838734032
919837405064
919971560002
919837312207
9899935111
919557610089
919760508884
919456338549
9718483824
918958837751
919803502202
919953165009
919997778325
919901328805
919412412392
919760198099
919958390651
919970060267
917837787093
919411111987
919457664437
7351040292
8595454683
918595233109
919760315705
099 53 214178
9582869217
919319321420
1244146001
9969673729
919759638740
919897542690
919045306381
919639850505
+91 99 10 218618
098-731-82863
919411107772
9911673842
919758984446
3325301250
919045447410
919756001616
919528104434
919958855918
918687382183
919627450275
919873067210
918884981339
919897462113
9650235415
919818394380
919415992767
919958314405
919410754088
919760269437
918147352440
917669282251
8826119880
919997635898
919759866659
918586902308
919897987950
917760314155
919811820543
911832563513
917508899715
001-510-6043643
919761110122
919456471777
9930611108
917417042290
919654138314
919699255896
919332562277
5858134846
919959888404
0124 414 4122
1244144177
1244105077
919456686400
9720925265
919557266340
917442434430
919927339088
9999726121
919889563956
919557108419
919258366600
9582485143
919457255818
9811551982
919758667905
1242575511
918527382583
919719655264
919997125361
9911277456
919758271298
918006514436
9540455920
919759638733
8826655552
919760197627
919639061404
917503295608
919410511660
918800409977
918800279977
919949004822
911244113280
911244115986
911244113282
9773744342
919540092245
917698743736
919540835754
9983682281
919412172977
9411153435
8527971216
919760155801
919456318299
9540631400
8108114086
919927260444
919760340079
919868902599
919911456451
919971085253
919897130438
9886125251
9999322238
919012227031
917500326041
915948243411
919557933111
919911575259
919411304255
9873367628
"28.440994
77.073463"
"28.440994
77.073463"
919958010126
8800799577
41775002347
9412172527
918800281768
919359408987
918475973541
919716136646
919410139229
918285136015
919012784441
077-998-99984
9891485118
8905783906
919769933314
9818093217
919927389504
17607058888
971-146-9217
9555555147
919310089231
9818487230
919910724012
919771437663
919358288742
919458121069
919756550666
919760512612
919456321520
9557283553
919639211030
919920240944
919760507308
919911903808
919760508608
919458359159
919717166637
919873959122
919410997037
919019674026
9654382080
919004185108
918294633507
919324132402
919897898400
919411195703
8322416091
1244255360
919654331391
9457922618
919760974464
919837244240
919015980883
9610170788
9760506906
9910965774
9283332389
9833767503
919720757181
9557108288
919927482384
919927547297
9899178726
9761602075
919720103080
919411769309
919412073043
9412071738
919456318482
919953318561
919557107184
919819996683
8650419301
911244141027
918860298758
919528991911
919990646632
919910468290
918439891114
919027554169
918799289608
919716502488
918447915677
918527078979
5962235575
9940052238
919663825340
919717999413
919958066051
919411219830
919719028132
919557019958
9560533928
919410025536
919015941369
9957207443
919012793206
919917911121
9413333528
918092086200
919958316355
8884357625
919410374190
8095470363
919711548647
919971776997
919837644075
919557809329
917838734032
919837405064
919971560002
919837312207
9899935111
919557610089
919760508884
919456338549
9718483824
918958837751
919803502202
919953165009
919997778325
919901328805
919412412392
919760198099
919958390651
919970060267
917837787093
919411111987
919457664437
7351040292
8595454683
918595233109
919760315705
099 53 214178
9582869217
919319321420
1244146001
9969673729
919759638740
919897542690
919045306381
919639850505
+91 99 10 218618
098-731-82863
919411107772
9911673842
919758984446
3325301250
919045447410
919756001616
919528104434
919958855918
918687382183
919627450275
919873067210
918884981339
919897462113
9650235415
919818394380
919415992767
919958314405
919410754088
919760269437
918147352440
917669282251
8826119880
919997635898
919759866659
918586902308
919897987950
917760314155
919811820543
911832563513
917508899715
001-510-6043643
919761110122
919456471777
9930611108
917417042290
919654138314
919699255896
919332562277
5858134846
919959888404
0124 414 4122
1244144177
1244105077
919456686400
9720925265
919557266340
917442434430
919927339088
9999726121
919889563956
919557108419
919258366600
9582485143
919457255818
9811551982
919758667905
1242575511
918527382583
919719655264
919997125361
9911277456
919758271298
918006514436
9540455920
919759638733
8826655552
919760197627
919639061404
917503295608
919410511660
918800409977
918800279977
919949004822
911244113280
911244115986
911244113282
9773744342
919540092245
917698743736
919540835754
9983682281
919412172977
9411153435
8527971216
919760155801
919456318299
9540631400
8108114086
919927260444
919760340079
919868902599
919911456451
919971085253
919897130438
9886125251
9999322238
919012227031
917500326041
915948243411
919557933111
919911575259
919411304255
9873367628
"28.440994
77.073463"
"28.440994
77.073463"
919958010126
8800799577
41775002347
9412172527
918800281768
919359408987
918475973541
919716136646
919410139229
918285136015
919012784441
077-998-99984
9891485118
8905783906
919769933314
9818093217
919927389504
17607058888
971-146-9217
9555555147
919310089231
9818487230
919910724012
919771437663
919358288742
919458121069
919756550666
919760512612
919456321520
9557283553
919639211030
919920240944
919760507308
919911903808
919760508608
919458359159
919717166637
919873959122
919410997037
919019674026
9654382080
919004185108
918294633507
919324132402
919897898400
919411195703
8322416091
1244255360
919654331391
9457922618
919760974464
919837244240
919015980883
9610170788
9760506906
9910965774
9283332389
9833767503
919720757181
9557108288
919927482384
919927547297
9899178726
9761602075
919720103080
919411769309
919412073043
9412071738
919456318482
919953318561
919557107184
919819996683
8650419301
911244141027
918860298758
919528991911
919990646632
919910468290
918439891114
919027554169
918799289608
919716502488
918447915677
918527078979
5962235575
9940052238
919663825340
919717999413
919958066051
919411219830
919719028132
919557019958
9560533928
919410025536
919015941369
9957207443
919012793206
919917911121
9413333528
918092086200
919958316355
8884357625
919410374190
8095470363
919711548647
919971776997
919837644075
919557809329
917838734032
919837405064
919971560002
919837312207
9899935111
919557610089
919760508884
919456338549
9718483824
918958837751
919803502202
919953165009
919997778325
919901328805
919412412392
919760198099
919958390651
919970060267
917837787093
919411111987
919457664437
7351040292
8595454683
918595233109
919760315705
099 53 214178
9582869217
919319321420
1244146001
9969673729
919759638740
919897542690
919045306381
919639850505
+91 99 10 218618
098-731-82863
919411107772
9911673842
919758984446
3325301250
919045447410
919756001616
919528104434
919958855918
918687382183
919627450275
919873067210
918884981339
919897462113
9650235415
919818394380
